87 27
1 331 -130 2 3
2 301 -101 3 4
3 319 -78 4 5
4 388 -77 5 6
5 416 -79 6 7
6 393 -341 7 8
7 277 -47 8 9
8 219 -40 9 10
9 179 -28 10 11
10 165 -11 11 12
11 145 -22 12 13
12 107 -16 13 14
13 44 -13 14 15
14 89 -71 15 16
15 112 -233 16 17
16 160 -323 17 18
17 117 -325 19 20
18 113 -337 21 22
19 111 -398 21 22
20 61 -416 21 22
21 23 -430 23 24
22 19 -458 25 26
23 51 -487 26 27
24 96 -449 27 28
23 148 -427 28 29
26 202 -406 29 30
27 258 -362 30 31
28 181 -388 31 32
29 220 -416 32 33
30 203 -447 34 35
31 221 -454 35 36
32 263 -445 36 37
33 273 -393 38 39
34 328 -387 38 39
35 332 -421 1 2
36 371 -465 2 3
37 403 -422 2 4
38 452 -419 24 2
39 489 -394 12 13
40 378 -369 13 14
41 444 -326 15 16
42 397 -381 15 25
43 297 -265 1 2
44 324 -240 1 2
45 319 -177 1 2
46 271 -192 1 2
47 268 -147 1 2
48 257 -131 1 2
49 223 -87 1 2
50 182 -109 1 2
51 149 -144 1 2