-2055.546578
655.909206
1.144576
-1.328927
0.000000
1.000000
0.090649
1.000000
0.453160
0.642110
0.717590
0.268840
0.862821
0.242424
1.000000
0.537207
0.000000
1.000000
0.068932
0.921461
0.348967
0.477348
0.713956
0.556091
0.864010
0.061006
1.000000
0.000000
0.000000
1.000000
0.031334
1.000000
0.202540
0.366276
0.697300
0.878788
0.843724
0.060606
1.000000
0.000000
0.000000
1.000000
0.200000
1.000000
0.450009
0.000000
0.731999
0.000000
0.800000
1.000000
1.000000
0.000000
0.680089
1.999000
1.633409
0.940176
